167.60696 253.6536
168.53235 253.88977
169.45773 254.12595
170.05374 254.91739
170.64975 255.70885
171.20343 256.54453
171.75713 257.3802
172.28323 258.23395
172.80934 259.08768
173.31606 259.94385
173.82277 260.8
174.32874 261.6723
174.83469 262.5446
175.33356 263.41003
175.83241 264.27548
176.33144 265.13788
176.83046 266.0003
177.33575 266.86362
177.84105 267.72693
178.35437 268.58875
178.86769 269.4506
179.38535 270.3006
179.90302 271.1506
180.43262 271.99774
180.96223 272.84488
181.50342 273.68524
182.0446 274.5256
182.60013 275.3605
183.15564 276.1954
183.7219 277.0169
184.28815 277.8384
184.87155 278.6535
185.45494 279.4686
186.05185 280.2699
186.64876 281.07123
187.26262 281.8614
187.87648 282.65155
188.50723 283.42844
189.13797 284.20532
189.78552 284.96704
190.43307 285.72873
191.10162 286.4782
191.77017 287.22766
192.45099 287.9537
193.13182 288.67975
193.83354 289.39026
194.53526 290.1008
195.2581 290.7942
195.98094 291.4876
196.7251 292.16235
197.46925 292.8371
198.22452 293.4831
198.97977 294.12906
199.76132 294.75815
200.54288 295.38724
201.34027 295.9897
202.13768 296.5921
202.95047 297.16705
203.76324 297.742
204.60275 298.2963
205.44228 298.8506
206.29079 299.37183
207.1393 299.8931
208.0083 300.38818
208.87729 300.88327
209.76674 301.35126
210.65619 301.81927
211.55269 302.25314
212.44919 302.687
213.3584 303.08997
214.26761 303.49292
215.203 303.8703
216.1384 304.24768
217.07137 304.5882
218.00433 304.92868
218.95538 305.24048
219.90642 305.55228
220.86772 305.83282
221.82903 306.11334
222.7998 306.3628
223.7706 306.61224
224.74203 306.82928
225.71347 307.0463
226.70068 307.23477
227.68788 307.42325
228.6737 307.58054
229.65953 307.73782
230.65121 307.8661
231.6429 307.9944
232.63959 308.09418
233.63628 308.194
234.62808 308.26544
235.61987 308.3369
236.62378 308.382
237.6277 308.42706
238.6246 308.44568
239.62149 308.4643
240.6195 308.45776
241.61754 308.4512
242.6158 308.42035
243.61406 308.38947
244.62164 308.33447
245.62921 308.27945
246.62544 308.2023
247.62167 308.12515
248.61545 308.02637
249.60922 307.9276
249.87476 307.0558
250.1403 306.184
250.28076 305.19507
250.42122 304.20612
250.53899 303.20508
250.65675 302.204
250.74942 301.21204
250.8421 300.22006
250.91122 299.2257
250.98036 298.23132
251.02611 297.234
251.07185 296.2367
251.09436 295.23584
251.11685 294.23502
251.11627 293.23007
251.11568 292.22513
251.09253 291.22662
251.06937 290.22812
251.02391 289.2245
250.97845 288.2209
250.91216 287.22845
250.84586 286.236
250.75827 285.23755
250.67067 284.23907
250.56395 283.25116
250.45723 282.26324
250.3302 281.2685
250.20316 280.27377
250.05774 279.28326
249.91234 278.29272
249.74936 277.3062
249.5864 276.3197
249.40665 275.33698
249.22691 274.35428
249.03117 273.37524
248.83543 272.39618
248.62314 271.41464
248.41083 270.4331
248.18527 269.46088
247.95973 268.48868
247.71887 267.51367
247.47803 266.5387
247.22559 265.57297
246.97314 264.60724
246.70837 263.64474
246.4436 262.68225
246.16718 261.72296
245.89076 260.76364
245.60336 259.80756
245.31596 258.8515
245.0162 257.89227
244.71645 256.93307
244.40895 255.98349
244.10146 255.0339
243.78268 254.08118
243.46393 253.12846
243.13885 252.18567
242.8138 251.24289
242.4809 250.3037
242.14798 249.3645
241.80536 248.4223
241.46272 247.48012
241.11325 246.54166
240.7638 245.60321
240.40805 244.66864
240.0523 243.73409
239.69086 242.8036
239.32939 241.87312
238.95996 240.93991
238.59052 240.0067
238.21915 239.08488
237.84778 238.16307
237.46637 237.23166
237.08498 236.30025
236.70267 235.38069
236.32036 234.46114
235.93167 233.5393
235.543 232.6175
235.15138 231.7008
234.75977 230.7841
234.36246 229.86536
233.96513 228.94661
233.56569 228.03339
233.16624 227.12016
232.75838 226.19754
232.35051 225.27493
231.9446 224.36578
231.53868 223.45662
231.12836 222.54596
230.71802 221.63531
230.3035 220.72324
229.88899 219.81114
229.47054 218.8977
229.05208 217.98427
228.6336 217.07758
228.21513 216.17087
227.79706 215.27124
227.37897 214.37161
226.95404 213.46307
226.52913 212.55455
226.10129 211.64523
225.67343 210.73592
225.24681 209.83423
224.82019 208.93253
224.39117 208.03043
223.96217 207.12833
223.53098 206.22595
223.0998 205.32356
222.66663 204.42102
222.23346 203.51848
221.79851 202.6159
221.36356 201.71333
220.92743 200.81668
220.49132 199.92003
220.04422 199.02113
219.5971 198.12224
219.14868 197.2381
218.70026 196.35396
218.2401 195.46172
217.77994 194.56947
217.3156 193.6821
216.85126 192.79474
216.38547 191.91583
215.91968 191.03693
215.44383 190.14912
214.96799 189.26132
214.49484 188.38742
214.02171 187.5135
213.54173 186.63492
213.06175 185.75635
212.57607 184.87463
212.09038 183.99294
211.6062 183.12054
211.12202 182.24817
210.63452 181.3758
210.14703 180.5034
209.65717 179.6323
209.1673 178.76117
208.67598 177.89255
208.18466 177.02391
207.68948 176.1532
207.1943 175.28247
206.69928 174.41635
206.20424 173.55023
205.70679 172.68396
205.20935 171.81767
204.70676 170.94626
204.20416 170.07486
203.70375 169.21078
203.20334 168.34673
202.70236 167.485
202.2014 166.62328
201.69699 165.75879
201.1926 164.8943
200.68872 164.03366
200.18486 163.173
199.67859 162.31104
199.17232 161.44905
198.66412 160.58643
198.15594 159.72382
197.64633 158.86127
197.13673 157.9987
196.62619 157.1369
196.11565 156.2751
195.60464 155.41476
195.09366 154.55441
194.5827 153.69623
194.07176 152.83803
193.56134 151.98267
193.05092 151.12732
192.53455 150.26389
192.01817 149.40044
191.50336 148.54135
190.98856 147.68227
190.4758 146.82828
189.96304 145.97429
189.446 145.1147
188.92896 144.25511
188.41507 143.40225
187.9012 142.54938
187.38425 141.69278
186.86731 140.8362
186.34799 139.97697
185.82869 139.11775
185.31442 138.26805
184.80017 137.41835
184.27838 136.55731
183.7566 135.69629
183.24136 134.84702
182.72612 133.99774
182.20526 133.1401
181.6844 132.28247
181.16545 131.42876
180.6465 130.57504
180.12431 129.71667
179.60213 128.85829
179.08418 128.00742
178.56624 127.156555
178.0478 126.30528
177.52937 125.45401
177.0064 124.595505
176.48341 123.737
175.96378 122.88401
175.44412 122.03102
174.92441 121.17778
174.40471 120.32455
173.88254 119.46683
173.36038 118.6091
172.84439 117.76076
172.32838 116.912415
171.80783 116.05539
171.28728 115.19837
170.77512 114.33899
170.26294 113.47961
169.77628 112.60828
169.28963 111.73695
168.82538 110.84476
168.36113 109.95257
167.92688 109.05176
167.49261 108.15095
167.08752 107.23587
166.68243 106.32079
166.31216 105.395775
165.9419 104.47076
165.61163 103.53026
165.28136 102.58975
165.00613 101.623146
164.73091 100.65654
164.58792 99.67277
164.44493 98.688995
165.19429 98.70178
165.94365 98.71457
166.86157 99.1109
167.7795 99.50724
168.68633 99.93167
169.59315 100.356094
170.48883 100.80711
171.38449 101.25814
172.262 101.730446
173.1395 102.20275
174.00577 102.698364
174.87206 103.19397
175.72708 103.71153
176.5821 104.22909
177.42584 104.76729
178.26956 105.3055
179.10196 105.86307
179.93434 106.42064
180.75537 106.99634
181.5764 107.57204
182.3793 108.15965
183.18222 108.74726
183.9805 109.3555
184.77876 109.96373
185.55898 110.58125
186.33919 111.198784
187.11467 111.83507
187.89015 112.47136
188.6542 113.120155
189.41827 113.76895
190.17093 114.42923
190.92357 115.089516
191.66481 115.760284
192.40605 116.43106
193.1359 117.11137
193.86574 117.79167
194.58421 118.48059
195.30269 119.1695
196.01617 119.87247
196.72964 120.575424
197.4317 121.28547
198.13377 121.995514
198.83072 122.71835
199.52765 123.44119
200.21317 124.16966
200.89867 124.898125
201.57277 125.6314
202.24687 126.36468
202.91574 127.108864
203.5846 127.85305
204.24812 128.60768
204.91165 129.3623
205.56372 130.11984
206.21577 130.87737
206.8624 131.64423
207.50903 132.41109
208.14421 133.1796
208.77939 133.94809
209.40904 134.72484
210.0387 135.50159
210.66272 136.28616
211.28674 137.07072
211.89929 137.85521
212.51186 138.6397
213.11871 139.43097
213.72556 140.22226
214.32661 141.0199
214.92767 141.81754
215.52284 142.6211
216.11801 143.42465
216.7072 144.2337
217.29639 145.04274
217.8795 145.85684
218.46262 146.67093
219.03958 147.48965
219.61653 148.30836
220.18723 149.13126
220.75792 149.95416
221.32227 150.78082
221.88663 151.60747
222.44455 152.43744
223.00246 153.2674
223.55383 154.10025
224.10521 154.93309
224.64996 155.76837
225.19473 156.60367
225.73782 157.44888
226.28091 158.2941
226.81209 159.133
227.34326 159.97188
227.87735 160.82777
228.41145 161.68367
228.93344 162.53235
229.45544 163.38103
229.975 164.23792
230.49455 165.09479
231.00665 165.95148
231.51875 166.80817
232.02795 167.67212
232.53714 168.53609
233.03854 169.39891
233.53993 170.26173
234.03793 171.13084
234.53593 171.99995
235.02579 172.86694
235.51566 173.73393
236.00162 174.60616
236.48758 175.47838
236.9693 176.35526
237.45103 177.23215
237.92819 178.1131
238.40533 178.99403
238.87756 179.87839
239.3498 180.76274
239.81674 181.64986
240.28368 182.53697
240.74104 183.41852
241.19841 184.30006
241.65378 185.19064
242.10913 186.08122
242.55809 186.9724
243.00705 187.86357
243.45288 188.762
243.89871 189.66043
244.33716 190.55771
244.77562 191.45497
245.20978 192.35751
245.64392 193.26004
246.07303 194.16669
246.50215 195.07332
246.92221 195.97571
247.34229 196.87808
247.75922 197.78923
248.17615 198.70038
248.58575 199.61166
248.99538 200.52296
249.39983 201.4397
249.80428 202.35645
250.2024 203.27667
250.6005 204.1969
250.99103 205.11853
251.38158 206.04015
251.73181 206.97615
252.08203 207.91216
252.39693 208.85419
252.71182 209.79622
253.02243 210.74576
253.33304 211.69531
253.63937 212.65202
253.94571 213.60873
254.24397 214.56
254.54224 215.51128
254.83633 216.46881
255.13045 217.42635
255.41855 218.3836
255.70667 219.34088
255.99069 220.30365
256.27472 221.26642
256.55286 222.22809
256.831 223.18974
257.10156 224.14359
257.37213 225.09741
257.64227 226.06819
257.9124 227.03897
258.1751 228.00114
258.4378 228.96332
258.6966 229.92914
258.95538 230.89496
259.21027 231.8641
259.46518 232.83327
259.71454 233.79901
259.9639 234.76477
260.2094 235.73315
260.45493 236.70155
260.6966 237.67227
260.9383 238.64299
261.17615 239.61572
261.414 240.58844
261.6465 241.5564
261.87903 242.52437
262.10925 243.50015
262.3395 244.47592
262.56595 245.45276
262.7924 246.4296
263.01355 247.4007
263.23474 248.37178
263.4536 249.34976
263.67245 250.32776
263.8875 251.30585
264.1026 252.28395
264.3125 253.25534
264.52237 254.22675
264.73126 255.21056
264.94016 256.19437
265.14386 257.17084
265.3476 258.14734
265.54886 259.1291
265.75012 260.11087
265.94757 261.09113
266.14502 262.0714
266.3399 263.05627
266.53482 264.0411
266.7246 265.01733
266.91443 265.9936
267.10287 266.98016
267.29132 267.9667
267.47586 268.95038
267.6604 269.93402
267.84106 270.91446
268.02173 271.8949
268.19965 272.87808
268.37753 273.86127
268.5515 274.8405
268.72552 275.81976
268.89886 276.81354
269.07217 277.80728
269.24036 278.78998
269.40857 279.77264
269.57483 280.76263
269.7411 281.7526
269.90222 282.73077
270.0634 283.70892
270.22345 284.69955
270.38348 285.6902
270.53934 286.6743
270.6952 287.6584
270.84964 288.6537
271.0041 289.649
271.15417 290.6367
271.3043 291.6244
271.45184 292.616
271.59937 293.6076
271.7425 294.59058
271.8856 295.57355
272.02673 296.565
272.16788 297.55646
272.30603 298.54962
272.4442 299.54282
272.57846 300.5312
272.7127 301.51956
272.84372 302.50812
272.97473 303.49667
273.10376 304.49567
273.2328 305.4947
273.35678 306.48077
273.48077 307.46686
274.02255 307.99255
274.56433 308.51822
275.57214 308.54004
276.57996 308.56183
277.57193 308.58325
278.5639 308.6047
279.56433 308.62634
280.56476 308.64798
281.56332 308.66956
282.5619 308.69116
283.56354 308.71283
284.56522 308.7345
285.57056 308.75623
286.57593 308.77798
287.57654 308.79962
288.57712 308.82126
289.5692 308.8427
290.56128 308.86417
291.56598 308.8859
292.57068 308.90762
293.57043 308.92923
294.57016 308.95084
295.56927 308.97244
296.56842 308.99405
297.56726 309.01566
298.56607 309.03726
299.5656 309.0589
300.5652 309.0805
301.56708 309.10217
302.56897 309.1238
303.56366 309.14532
304.55832 309.16684
305.56494 309.1886
306.5716 309.2104
307.56366 309.23184
308.55576 309.2533
309.56372 309.2751
310.57166 309.29688
311.56876 309.31842
312.56586 309.34
313.5647 309.3616
314.5635 309.3832
315.56448 309.40485
316.56546 309.42648
317.56802 309.44818
318.5706 309.46985
319.56284 309.4913
320.55508 309.51276
321.55878 309.5345
322.56247 309.55618
323.56543 309.57788
324.56836 309.59955
325.56476 309.6211
326.56113 309.64264
327.5633 309.6643
328.56546 309.686
329.56165 309.70752
330.55786 309.72906
331.56134 309.7508
332.56485 309.7725
333.562 309.79407
334.55914 309.8156
335.3236 309.602
336.08804 309.38834
336.04285 308.39038
335.99765 307.3924
335.9362 306.39468
335.87473 305.39697
335.7985 304.4012
335.72226 303.40546
335.63263 302.41333
335.54297 301.4212
335.44028 300.42532
335.3376 299.42944
335.22278 298.43097
335.10794 297.43253
334.98303 296.44162
334.8581 295.4507
334.72296 294.4595
334.5878 293.4683
334.44324 292.47778
334.29868 291.48727
334.14545 290.49838
333.99222 289.5095
333.83105 288.52313
333.6699 287.53677
333.50153 286.55377
333.33313 285.57077
333.1565 284.58255
332.9799 283.59433
332.79724 282.611
332.6146 281.62766
332.42654 280.64996
332.2385 279.6723
332.04376 278.69147
331.84906 277.7106
331.64807 276.72723
331.44708 275.74384
331.24225 274.7681
331.03745 273.79236
330.82727 272.81537
330.6171 271.83835
330.40198 270.86066
330.1869 269.88297
329.96725 268.90518
329.74762 267.9274
329.52606 266.95972
329.30447 265.99207
329.077 265.01593
328.84952 264.03983
328.6187 263.06543
328.3879 262.09103
328.15417 261.11896
327.9204 260.14688
327.68414 259.17773
327.44788 258.2086
327.20715 257.23352
326.9664 256.25848
326.72388 255.28764
326.48138 254.3168
326.23755 253.35081
325.9937 252.38483
325.74658 251.41501
325.49942 250.44519
325.2494 249.47235
324.99933 248.4995
324.7492 247.53365
324.49905 246.5678
324.2469 245.6005
323.99475 244.6332
323.74103 243.66536
323.48734 242.69753
323.23254 241.7301
322.97778 240.76268
322.72247 239.79666
322.46713 238.83064
322.21185 237.86705
321.95654 236.90346
321.69952 235.93478
321.44254 234.96613
321.18857 233.99991
320.9346 233.0337
320.68726 232.06595
320.43994 231.0982
320.1985 230.12625
319.95706 229.15428
319.72272 228.18414
319.4884 227.21399
319.2594 226.2392
319.0304 225.2644
318.80786 224.29095
318.5853 223.31749
318.3675 222.33893
318.14966 221.36037
317.9376 220.38266
317.72552 219.40494
317.51886 218.42783
317.31216 217.4507
317.11047 216.47392
316.90878 215.49715
316.71045 214.51428
316.51215 213.5314
316.3181 212.54837
316.12405 211.56532
315.93506 210.58804
315.74603 209.61078
315.55817 208.62045
315.37027 207.63011
315.1878 206.65121
315.0053 205.67233
314.8255 204.69226
314.64566 203.71219
314.46698 202.72446
314.2883 201.73674
314.1126 200.75354
313.93695 199.77034
313.76276 198.78519
313.5886 197.80005
313.4166 196.81897
313.2446 195.83788
313.07224 194.8481
312.89987 193.85832
312.72888 192.87215
312.55792 191.88597
312.388 190.90318
312.21808 189.9204
312.04773 188.9345
311.87735 187.9486
311.70728 186.96567
311.53723 185.98276
311.36487 184.98991
311.19254 183.99707
311.1045 183.00372
311.01648 182.01039
310.95596 181.01172
310.89545 180.01306
310.84033 179.01553
310.7852 178.018
310.7362 177.02243
310.68723 176.02687
310.6449 175.02594
310.6026 174.02502
310.5683 173.02805
310.53403 172.03105
310.50854 171.03104
310.48303 170.03102
310.4676 169.02933
310.45215 168.02762
310.44812 167.03302
310.4441 166.0384
310.45285 165.0372
310.4616 164.036
310.48505 163.03006
310.50845 162.02414
310.5479 161.02924
310.58734 160.03435
310.64517 159.03784
310.703 158.04134
310.78152 157.04517
310.86005 156.04898
310.96252 155.04872
311.06497 154.04846
311.19287 153.06229
311.3208 152.07611
311.48267 151.08737
311.6445 150.09865
311.84164 149.11664
312.0388 148.13463
312.27307 147.16153
312.5074 146.18842
312.78073 145.22647
313.05408 144.26454
313.36835 143.31607
313.68265 142.3676
314.03973 141.43497
314.39685 140.50232
314.8016 139.58162
315.20636 138.66092
315.65173 137.77351
316.09714 136.88611
316.59387 136.01562
317.09064 135.14514
317.63388 134.3059
318.17712 133.46664
318.76788 132.66037
319.3586 131.85408
319.99783 131.08252
320.63705 130.31097
321.31665 129.58505
321.99625 128.85915
322.72516 128.17035
323.45407 127.48157
324.2231 126.839615
324.99216 126.19767
325.80066 125.60258
326.6092 125.007484
327.44543 124.46599
328.28165 123.924484
329.1493 123.43173
330.01697 122.93897
330.91473 122.49408
331.81247 122.049194
332.7265 121.65628
333.64056 121.263374
334.58124 120.915436
335.52194 120.567505
336.47473 120.26756
337.4275 119.96761
338.3968 119.71149
339.36612 119.45535
340.34317 119.242775
341.32022 119.0302
342.3028 118.85875
343.28534 118.687294
344.2787 118.55374
345.27203 118.4202
346.26703 118.323586
347.26205 118.226974
348.25674 118.16502
349.25143 118.103065
350.25385 118.07207
351.25626 118.04108
352.25797 118.025665
353.25967 118.010254
354.25787 118.00992
355.25607 118.009575
356.26056 118.026306
357.26505 118.04303
358.2586 118.07837
359.2522 118.1137
360.25372 118.17023
361.25522 118.22675
362.248 118.30548
363.24072 118.38421
364.23468 118.487625
365.22867 118.591034
366.22498 118.7213
367.22128 118.851555
368.20395 119.00792
369.1866 119.164276
370.17426 119.35103
371.16187 119.53777
372.13858 119.753174
373.1153 119.968575
374.08246 120.213326
375.04962 120.45808
376.00854 120.7328
376.9675 121.00753
377.91943 121.31279
378.87137 121.61804
379.81744 121.954315
380.76352 122.29059
381.69617 122.65476
382.62885 123.018936
383.549 123.410385
384.46915 123.80184
385.3628 124.248856
386.2564 124.69588
387.08618 125.24684
387.91592 125.7978
388.72064 126.38816
389.5254 126.97852
390.30182 127.6089
391.07822 128.23927
391.8216 128.90892
392.56497 129.57857
393.27277 130.28854
393.98056 130.99854
394.6472 131.74704
395.3138 132.49553
395.93085 133.27646
396.5479 134.05737
397.117 134.87796
397.6861 135.69853
398.19873 136.55591
398.71133 137.41327
399.16113 138.30997
399.6109 139.20667
400.0044 140.12079
400.39786 141.0349
400.74677 141.97165
401.09564 142.9084
401.40216 143.86511
401.7087 144.82181
401.9726 145.78577
402.2365 146.74974
402.46332 147.72804
402.69012 148.70634
402.8802 149.68613
403.07028 150.6659
403.22827 151.65463
403.38623 152.64339
403.51306 153.6282
403.63986 154.613
403.7403 155.61212
403.8407 156.61122
403.91534 157.61179
403.99 158.61234
403.99786 159.61153
404.00577 160.61072
403.98026 160.89642
403.95474 161.18214
403.83923 160.19113
403.72372 159.2001
403.53906 158.21448
403.35443 157.22884
403.11002 156.26605
402.8656 155.30328
402.5597 154.34875
402.25378 153.39423
401.88916 152.46265
401.52457 151.53107
401.09946 150.62817
400.67435 149.72527
400.17957 148.85097
399.68478 147.97667
399.11853 147.15341
398.55228 146.33015
397.90067 145.57074
397.24905 144.81133
396.50452 144.14511
395.75995 143.47888
394.95563 142.8901
394.15128 142.30133
393.29977 141.77599
392.44827 141.25064
391.56458 140.79373
390.68088 140.33682
389.75952 139.94019
388.83813 139.54353
387.89587 139.20819
386.9536 138.87285
385.99316 138.59222
385.03268 138.3116
384.05658 138.07936
383.0805 137.84712
382.09955 137.65862
381.1186 137.47011
380.1356 137.3187
379.1526 137.1673
378.15308 137.04501
377.1536 136.92273
376.16534 136.82724
375.17706 136.73177
374.1764 136.65546
373.17575 136.57915
372.182 136.51877
371.18826 136.45839
370.18567 136.40848
369.1831 136.35858
368.18216 136.31555
367.1812 136.2725
366.1836 136.23235
365.18597 136.19218
364.1842 136.15071
363.18246 136.10924
362.21542 136.33087
361.24838 136.55252
360.26923 136.77704
359.2901 137.00156
358.32043 137.22562
357.35077 137.44966
356.37842 137.68571
355.40604 137.92177
354.4392 138.18146
353.47238 138.44115
352.51828 138.74094
351.56418 139.04073
350.62854 139.40268
349.69293 139.76463
348.79938 140.2062
347.90585 140.64777
347.0642 141.18848
346.22253 141.72919
345.44626 142.36224
344.66998 142.99532
343.96387 143.69873
343.25772 144.40213
342.61945 145.17035
341.9812 145.93855
341.41064 146.76198
340.84012 147.5854
340.336 148.45306
339.83188 149.32072
339.39447 150.21443
338.9571 151.10814
338.5752 152.03247
338.1933 152.95682
337.86462 153.89969
337.53592 154.84258
337.25363 155.80481
336.97134 156.76703
336.73315 157.73657
336.495 158.7061
336.29517 159.68509
336.09537 160.66408
335.92932 161.65604
335.7633 162.64801
335.6303 163.63373
335.49734 164.61943
335.3915 165.61916
335.28568 166.61888
335.20636 167.61354
335.12704 168.6082
335.0711 169.60312
335.0152 170.59805
334.9804 171.59962
334.9456 172.6012
334.93048 173.59854
334.9154 174.59587
334.9182 175.59596
334.92105 176.59605
334.9405 177.59729
334.95993 178.59851
334.9947 179.59933
335.02948 180.60017
335.07837 181.59912
335.1273 182.59808
335.18918 183.59377
335.25107 184.58945
335.32562 185.5906
335.4002 186.59178
335.48584 187.58736
335.57147 188.58293
335.66718 189.57169
335.76285 190.56046
335.86996 191.56224
335.97708 192.56403
336.09277 193.55722
336.20847 194.55043
336.33255 195.53934
336.45663 196.52826
336.5891 197.51746
336.72162 198.50665
336.8628 199.50098
337.00397 200.49532
337.15088 201.47769
337.29782 202.46005
337.4533 203.45192
337.60883 204.44379
337.7708 205.4336
337.93277 206.42339
338.10077 207.41055
338.26877 208.39772
338.44232 209.38171
338.61584 210.3657
338.7945 211.34601
338.97314 212.3263
339.15872 213.31403
339.3443 214.30177
339.53317 215.27911
339.72205 216.25647
339.91724 217.24057
340.11246 218.22466
340.31018 219.19742
340.5079 220.17018
340.71143 221.14902
340.91492 222.12787
341.12408 223.11256
341.33322 224.09726
341.54523 225.0755
341.7572 226.05376
341.97168 227.02513
342.18616 227.9965
342.40558 228.97287
342.62497 229.94923
342.84915 230.93037
343.07333 231.91151
343.29926 232.8849
343.52518 233.85829
343.75256 234.82355
343.97992 235.78882
344.21292 236.76431
344.44592 237.7398
344.68146 238.71289
344.91696 239.68599
345.1548 240.65643
345.39264 241.62689
345.6326 242.59445
345.87256 243.56203
346.11603 244.53278
346.35947 245.50351
346.6063 246.47726
346.85312 247.451
347.0999 248.41489
347.3467 249.37877
347.5982 250.35161
347.8497 251.32445
348.1008 252.28696
348.3519 253.24948
348.60742 254.22063
348.86298 255.19177
349.11945 256.15857
349.37595 257.1254
349.63495 258.09412
349.89392 259.0628
350.15356 260.0268
350.41318 260.99078
350.67505 261.9563
350.9369 262.92184
351.20087 263.88873
351.4648 264.85565
351.729 265.81732
351.99316 266.779
352.25916 267.7417
352.52518 268.70438
352.7929 269.66797
353.06067 270.63156
353.33002 271.59586
353.59937 272.56015
353.86838 273.51852
354.1374 274.4769
354.4096 275.44217
354.6818 276.40744
354.95526 277.37292
355.22873 278.33844
355.50146 279.29755
355.77423 280.25665
356.04797 281.2157
356.32175 282.1747
356.59637 283.1335
356.87103 284.09232
357.14832 285.0572
357.4256 286.0221
357.70355 286.98645
357.9815 287.95078
358.25815 288.90796
358.5348 289.8651
358.81372 290.82788
359.09268 291.79065
359.37195 292.75238
359.65118 293.71414
359.92877 294.66827
360.20633 295.6224
360.48773 296.58807
360.76913 297.5537
361.04865 298.5114
361.32812 299.46915
361.60748 300.42517
361.8868 301.38123
362.16776 302.34186
362.4487 303.3025
362.72925 304.2611
363.0098 305.21973
363.2917 306.18256
363.57358 307.14536
363.85483 308.1058
364.13608 309.06625
364.95935 309.34976
365.7826 309.63327
366.77625 309.68896
367.7699 309.7447
368.76575 309.80054
369.7616 309.85635
370.76038 309.91235
371.7592 309.96835
372.75876 310.0244
373.75833 310.08044
374.7624 310.13672
375.76645 310.19302
376.75998 310.24872
377.7535 310.30444
378.74744 310.36017
379.7414 310.4159
380.74417 310.4721
381.74695 310.52832
382.75012 310.58456
383.7533 310.6408
384.74945 310.69666
385.74557 310.75253
386.73914 310.80823
387.73267 310.86392
388.72943 310.9198
389.72617 310.9757
390.73285 311.03214
391.7395 311.08856
392.72977 311.1441
393.72003 311.19962
394.72333 311.25586
395.72662 311.31213
396.728 311.3683
397.72937 311.4244
398.7249 311.48022
399.7205 311.53604
400.71722 311.59192
401.714 311.6478
402.71823 311.7041
403.72247 311.76044
404.71838 311.81628
405.71432 311.8721
406.70703 311.92773
407.6997 311.9834
408.70248 312.0396
409.70526 312.09586
410.69922 312.15158
411.69318 312.2073
412.69562 312.26352
413.6981 312.31973
414.69324 312.37552
415.68835 312.4313
416.68793 312.48737
417.68747 312.5434
418.68628 312.5994
419.68506 312.6554
420.6809 312.71124
421.67676 312.76706
422.67798 312.82318
423.6792 312.87933
424.4368 313.17767
425.1944 313.47598
425.2433 314.4743
425.2922 315.4726
425.34103 316.46957
425.38986 317.46655
425.43872 318.46393
425.48758 319.4613
425.53662 320.46198
425.58563 321.46268
425.6347 322.46445
425.68378 323.46622
425.7328 324.46692
425.7818 325.46762
425.83054 326.46268
425.87927 327.45773
425.92804 328.4532
425.9768 329.44864
426.02606 330.45444
426.07535 331.46024
426.1241 332.45587
426.17288 333.4515
426.2218 334.4499
426.2707 335.44827
426.31958 336.44672
426.3685 337.44513
426.00043 338.0493
425.63235 338.65344
424.63068 338.65808
423.62897 338.6627
422.632 338.66693
421.635 338.6712
420.63184 338.67514
419.62866 338.67908
418.6303 338.68268
417.63193 338.68625
416.633 338.68948
415.63403 338.69272
414.63458 338.6956
413.63516 338.69846
412.6353 338.701
411.63544 338.70352
410.63522 338.7057
409.635 338.70786
408.63458 338.70966
407.63412 338.7115
406.63873 338.71292
405.64337 338.71436
404.6374 338.71542
403.6314 338.7165
402.63068 338.7172
401.62997 338.7179
400.6345 338.71823
399.639 338.71857
398.6385 338.7185
397.63797 338.71844
396.6326 338.71802
395.62723 338.7176
394.62732 338.71677
393.62738 338.71594
392.63293 338.71472
391.63852 338.71353
390.6395 338.7119
389.64047 338.7103
388.63702 338.7083
387.6336 338.7063
386.63586 338.7039
385.63815 338.70148
384.63623 338.69867
383.63434 338.69583
382.63824 338.69263
381.64218 338.68942
380.64215 338.6858
379.64212 338.68213
378.6383 338.67804
377.63452 338.67398
376.63678 338.6695
375.63907 338.66504
374.63782 338.6601
373.63654 338.65518
372.63193 338.64978
371.62732 338.6444
370.62903 338.6386
369.6307 338.63284
368.6293 338.6266
367.6279 338.62033
366.63293 338.61368
365.63797 338.60703
364.64014 338.5999
363.6423 338.59277
362.6418 338.58514
361.64133 338.57755
360.63837 338.56943
359.63538 338.5613
358.63922 338.5528
357.64304 338.54428
356.63562 338.53516
355.62817 338.52606
354.6278 338.51654
353.62747 338.507
352.6342 338.49704
351.6409 338.4871
350.637 338.4765
349.6331 338.46594
348.63654 338.45496
347.63995 338.44397
346.642 338.43243
345.64404 338.4209
344.64133 338.40863
343.6386 338.39636
342.6344 338.3831
341.63022 338.3698
340.63364 338.35565
339.63705 338.3415
338.63232 338.32617
337.62762 338.31088
336.6308 338.29465
335.634 338.2784
334.63733 338.26108
333.64066 338.24374
332.63666 338.22516
331.63263 338.20657
330.63693 338.18695
329.64124 338.16736
328.63873 338.14642
327.63623 338.1255
326.63483 338.1033
325.63345 338.08112
324.63336 338.05768
323.63327 338.0342
322.6347 338.00946
321.63614 337.98474
320.63934 337.95865
319.64252 337.93256
318.64044 337.9049
317.63834 337.87723
316.63858 337.84814
315.63882 337.81903
314.6416 337.78845
313.64438 337.7579
312.64294 337.7256
311.64148 337.6933
310.64316 337.65942
309.64484 337.62555
308.643 337.58984
307.6412 337.5541
306.64316 337.51672
305.6451 337.4793
304.64435 337.43994
303.64355 337.40057
302.64716 337.35944
301.6508 337.31827
300.65247 337.27502
299.65414 337.23175
298.65436 337.18628
297.6546 337.14084
296.65387 337.0931
295.65314 337.04538
294.65826 336.99564
293.6634 336.9459
292.66214 336.8934
291.6609 336.8409
290.66016 336.7859
289.65945 336.7309
288.6659 336.67365
287.67236 336.61636
286.6682 336.55566
285.66406 336.495
284.67407 336.43225
283.68405 336.36954
282.68488 336.30316
281.6857 336.23676
280.68994 336.16736
279.69415 336.098
278.69104 336.02466
277.68793 335.9513
276.6897 335.87466
275.6915 335.79803
274.6988 335.71805
273.70605 335.63806
272.70868 335.55365
271.71133 335.46924
270.7105 335.3802
269.70966 335.29117
268.71692 335.1983
267.7242 335.10544
266.7301 335.0076
265.73596 334.90976
264.7417 334.8067
263.74744 334.70364
262.75433 334.59515
261.76123 334.48666
260.77063 334.3725
259.78 334.25836
258.78394 334.13712
257.7879 334.01587
256.79755 333.8884
255.8072 333.76093
254.81519 333.62567
253.82315 333.49045
252.83163 333.34705
251.84012 333.20367
250.85138 333.05176
249.86266 332.8998
248.87903 332.7389
247.89542 332.57794
246.90692 332.4054
245.91841 332.23285
244.93155 332.0517
243.9447 331.87057
242.9627 331.6825
241.98073 331.49442
241.00465 331.29907
240.02858 331.10373
239.05023 330.89874
238.07187 330.69376
237.09299 330.47864
236.11412 330.26352
235.14513 330.03973
234.17613 329.81595
233.20107 329.57886
232.226 329.34174
231.25545 329.09265
230.2849 328.84357
229.32043 328.58182
228.35599 328.32007
227.39917 328.04492
226.44235 327.76974
225.47986 327.4757
224.51735 327.18167
223.57352 326.8747
222.62967 326.5677
221.67752 326.23715
220.72537 325.90662
219.7949 325.56104
218.86444 325.21545
217.93054 324.84348
216.99664 324.4715
216.0748 324.07663
215.15295 323.68176
214.25058 323.26523
213.3482 322.8487
212.44916 322.40045
211.55013 321.95218
210.67319 321.47885
209.79626 321.00552
208.93661 320.50238
208.07698 319.99927
207.22565 319.45782
206.37431 318.9164
205.55656 318.3506
204.73882 317.7848
203.9396 317.18298
203.14041 316.58115
202.36409 315.94452
201.58777 315.3079
200.8458 314.64572
200.1038 313.98355
199.38577 313.28705
198.66772 312.59058
197.97946 311.8662
197.29121 311.1418
196.6301 310.38867
195.96896 309.6355
195.33923 308.8615
194.70952 308.08755
194.10785 307.2929
193.50618 306.49826
192.92613 305.67834
192.34608 304.8584
191.79446 304.02774
191.24286 303.19708
190.71017 302.34677
190.1775 301.49646
189.66728 300.6374
189.15706 299.77832
188.66357 298.90643
188.17007 298.03455
187.69402 297.15643
187.21796 296.2783
186.7572 295.39545
186.29645 294.5126
185.84317 293.61456
185.3899 292.71655
184.94843 291.81622
184.50697 290.91586
184.07591 290.01483
183.64485 289.11377
183.223 288.21362
182.80116 287.31348
182.38145 286.4025
181.96175 285.49152
181.54935 284.58405
181.13695 283.6766
180.72496 282.7603
180.31297 281.844
179.90701 280.93387
179.50104 280.02374
179.09427 279.1068
178.6875 278.18985
178.28268 277.2743
177.87788 276.3587
177.47478 275.44574
177.07167 274.53278
176.66663 273.61575
176.2616 272.69873
175.85788 271.78638
175.45418 270.87405
175.04819 269.95944
174.64218 269.04483
174.23373 268.12872
173.8253 267.2126
173.41815 266.30417
173.011 265.39575
172.60147 264.4876
172.19194 263.57947
171.77603 262.66357
171.36014 261.74765
170.94586 260.84216
170.5316 259.9367
170.11096 259.02466
169.69032 258.11264
169.26749 257.2036
168.84464 256.2946
168.41977 255.38931
167.99492 254.48402
167.80093 254.06882
167.60696 253.6536
168.53235 253.88977
169.45773 254.12595
170.05374 254.91739
170.64975 255.70885
171.20343 256.54453
171.75713 257.3802
172.28323 258.23395
172.80934 259.08768
173.31606 259.94385
173.82277 260.8
174.32874 261.6723
174.83469 262.5446
175.33356 263.41003
175.83241 264.27548
176.33144 265.13788
176.83046 266.0003
177.33575 266.86362
177.84105 267.72693
178.35437 268.58875
178.86769 269.4506
179.38535 270.3006
179.90302 271.1506
180.43262 271.99774
180.96223 272.84488
181.50342 273.68524
182.0446 274.5256
182.60013 275.3605
183.15564 276.1954
183.7219 277.0169
184.28815 277.8384
184.87155 278.6535
185.45494 279.4686
186.05185 280.2699
186.64876 281.07123
187.26262 281.8614
187.87648 282.65155
188.50723 283.42844
189.13797 284.20532
189.78552 284.96704
190.43307 285.72873
191.10162 286.4782
191.77017 287.22766
192.45099 287.9537
193.13182 288.67975
193.83354 289.39026
194.53526 290.1008
195.2581 290.7942
195.98094 291.4876
196.7251 292.16235
197.46925 292.8371
198.22452 293.4831
198.97977 294.12906
199.76132 294.75815
200.54288 295.38724
201.34027 295.9897
202.13768 296.5921
202.95047 297.16705
203.76324 297.742
204.60275 298.2963
205.44228 298.8506
206.29079 299.37183
207.1393 299.8931
208.0083 300.38818
208.87729 300.88327
209.76674 301.35126
210.65619 301.81927
211.55269 302.25314
212.44919 302.687
213.3584 303.08997
214.26761 303.49292
215.203 303.8703
216.1384 304.24768
217.07137 304.5882
218.00433 304.92868
218.95538 305.24048
219.90642 305.55228
220.86772 305.83282
221.82903 306.11334
222.7998 306.3628
223.7706 306.61224
224.74203 306.82928
225.71347 307.0463
226.70068 307.23477
227.68788 307.42325
228.6737 307.58054
229.65953 307.73782
230.65121 307.8661
231.6429 307.9944
232.63959 308.09418
233.63628 308.194
234.62808 308.26544
235.61987 308.3369
236.62378 308.382
237.6277 308.42706
238.6246 308.44568
239.62149 308.4643
240.6195 308.45776
241.61754 308.4512
242.6158 308.42035
243.61406 308.38947
244.62164 308.33447
245.62921 308.27945
246.62544 308.2023
247.62167 308.12515
248.61545 308.02637
249.60922 307.9276
249.87476 307.0558
250.1403 306.184
250.28076 305.19507
250.42122 304.20612
250.53899 303.20508
250.65675 302.204
250.74942 301.21204
250.8421 300.22006
250.91122 299.2257
250.98036 298.23132
251.02611 297.234
251.07185 296.2367
251.09436 295.23584
251.11685 294.23502
251.11627 293.23007
251.11568 292.22513
251.09253 291.22662
251.06937 290.22812
251.02391 289.2245
250.97845 288.2209
250.91216 287.22845
250.84586 286.236
250.75827 285.23755
250.67067 284.23907
250.56395 283.25116
250.45723 282.26324
250.3302 281.2685
250.20316 280.27377
250.05774 279.28326
249.91234 278.29272
249.74936 277.3062
249.5864 276.3197
249.40665 275.33698
249.22691 274.35428
249.03117 273.37524
248.83543 272.39618
248.62314 271.41464
248.41083 270.4331
248.18527 269.46088
247.95973 268.48868
247.71887 267.51367
247.47803 266.5387
247.22559 265.57297
246.97314 264.60724
246.70837 263.64474
246.4436 262.68225
246.16718 261.72296
245.89076 260.76364
245.60336 259.80756
245.31596 258.8515
245.0162 257.89227
244.71645 256.93307
244.40895 255.98349
244.10146 255.0339
243.78268 254.08118
243.46393 253.12846
243.13885 252.18567
242.8138 251.24289
242.4809 250.3037
242.14798 249.3645
241.80536 248.4223
241.46272 247.48012
241.11325 246.54166
240.7638 245.60321
240.40805 244.66864
240.0523 243.73409
239.69086 242.8036
239.32939 241.87312
238.95996 240.93991
238.59052 240.0067
238.21915 239.08488
237.84778 238.16307
237.46637 237.23166
237.08498 236.30025
236.70267 235.38069
236.32036 234.46114
235.93167 233.5393
235.543 232.6175
235.15138 231.7008
234.75977 230.7841
234.36246 229.86536
233.96513 228.94661
233.56569 228.03339
233.16624 227.12016
232.75838 226.19754
232.35051 225.27493
231.9446 224.36578
231.53868 223.45662
231.12836 222.54596
230.71802 221.63531
230.3035 220.72324
229.88899 219.81114
229.47054 218.8977
229.05208 217.98427
228.6336 217.07758
228.21513 216.17087
227.79706 215.27124
227.37897 214.37161
226.95404 213.46307
226.52913 212.55455
226.10129 211.64523
225.67343 210.73592
225.24681 209.83423
224.82019 208.93253
224.39117 208.03043
223.96217 207.12833
223.53098 206.22595
223.0998 205.32356
222.66663 204.42102
222.23346 203.51848
221.79851 202.6159
221.36356 201.71333
220.92743 200.81668
220.49132 199.92003
220.04422 199.02113
219.5971 198.12224
219.14868 197.2381
218.70026 196.35396
218.2401 195.46172
217.77994 194.56947
217.3156 193.6821
216.85126 192.79474
216.38547 191.91583
215.91968 191.03693
215.44383 190.14912
214.96799 189.26132
214.49484 188.38742
214.02171 187.5135
213.54173 186.63492
213.06175 185.75635
212.57607 184.87463
212.09038 183.99294
211.6062 183.12054
211.12202 182.24817
210.63452 181.3758
210.14703 180.5034
209.65717 179.6323
209.1673 178.76117
208.67598 177.89255
208.18466 177.02391
207.68948 176.1532
207.1943 175.28247
206.69928 174.41635
206.20424 173.55023
205.70679 172.68396
205.20935 171.81767
204.70676 170.94626
204.20416 170.07486
203.70375 169.21078
203.20334 168.34673
202.70236 167.485
202.2014 166.62328
201.69699 165.75879
201.1926 164.8943
200.68872 164.03366
200.18486 163.173
199.67859 162.31104
199.17232 161.44905
198.66412 160.58643
198.15594 159.72382
197.64633 158.86127
197.13673 157.9987
196.62619 157.1369
196.11565 156.2751
195.60464 155.41476
195.09366 154.55441
194.5827 153.69623
194.07176 152.83803
193.56134 151.98267
193.05092 151.12732
192.53455 150.26389
192.01817 149.40044
191.50336 148.54135
190.98856 147.68227
190.4758 146.82828
189.96304 145.97429
189.446 145.1147
188.92896 144.25511
188.41507 143.40225
187.9012 142.54938
187.38425 141.69278
186.86731 140.8362
186.34799 139.97697
185.82869 139.11775
185.31442 138.26805
184.80017 137.41835
184.27838 136.55731
183.7566 135.69629
183.24136 134.84702
182.72612 133.99774
182.20526 133.1401
181.6844 132.28247
181.16545 131.42876
180.6465 130.57504
180.12431 129.71667
179.60213 128.85829
179.08418 128.00742
178.56624 127.156555
178.0478 126.30528
177.52937 125.45401
177.0064 124.595505
176.48341 123.737
175.96378 122.88401
175.44412 122.03102
174.92441 121.17778
174.40471 120.32455
173.88254 119.46683
173.36038 118.6091
172.84439 117.76076
172.32838 116.912415
171.80783 116.05539
171.28728 115.19837
170.77512 114.33899
170.26294 113.47961
169.77628 112.60828
169.28963 111.73695
168.82538 110.84476
168.36113 109.95257
167.92688 109.05176
167.49261 108.15095
167.08752 107.23587
166.68243 106.32079
166.31216 105.395775
165.9419 104.47076
165.61163 103.53026
165.28136 102.58975
165.00613 101.623146
164.73091 100.65654
164.58792 99.67277
164.44493 98.688995
165.19429 98.70178
165.94365 98.71457
166.86157 99.1109
167.7795 99.50724
168.68633 99.93167
169.59315 100.356094
170.48883 100.80711
171.38449 101.25814
172.262 101.730446
173.1395 102.20275
174.00577 102.698364
174.87206 103.19397
175.72708 103.71153
176.5821 104.22909
177.42584 104.76729
178.26956 105.3055
179.10196 105.86307
179.93434 106.42064
180.75537 106.99634
181.5764 107.57204
182.3793 108.15965
183.18222 108.74726
183.9805 109.3555
184.77876 109.96373
185.55898 110.58125
186.33919 111.198784
187.11467 111.83507
187.89015 112.47136
188.6542 113.120155
189.41827 113.76895
190.17093 114.42923
190.92357 115.089516
191.66481 115.760284
192.40605 116.43106
193.1359 117.11137
193.86574 117.79167
194.58421 118.48059
195.30269 119.1695
196.01617 119.87247
196.72964 120.575424
197.4317 121.28547
198.13377 121.995514
198.83072 122.71835
199.52765 123.44119
200.21317 124.16966
200.89867 124.898125
201.57277 125.6314
202.24687 126.36468
202.91574 127.108864
203.5846 127.85305
204.24812 128.60768
204.91165 129.3623
205.56372 130.11984
206.21577 130.87737
206.8624 131.64423
207.50903 132.41109
208.14421 133.1796
208.77939 133.94809
209.40904 134.72484
210.0387 135.50159
210.66272 136.28616
211.28674 137.07072
211.89929 137.85521
212.51186 138.6397
213.11871 139.43097
213.72556 140.22226
214.32661 141.0199
214.92767 141.81754
215.52284 142.6211
216.11801 143.42465
216.7072 144.2337
217.29639 145.04274
217.8795 145.85684
218.46262 146.67093
219.03958 147.48965
219.61653 148.30836
220.18723 149.13126
220.75792 149.95416
221.32227 150.78082
221.88663 151.60747
222.44455 152.43744
223.00246 153.2674
223.55383 154.10025
224.10521 154.93309
224.64996 155.76837
225.19473 156.60367
225.73782 157.44888
226.28091 158.2941
226.81209 159.133
227.34326 159.97188
227.87735 160.82777
228.41145 161.68367
228.93344 162.53235
229.45544 163.38103
229.975 164.23792
230.49455 165.09479
231.00665 165.95148
231.51875 166.80817
232.02795 167.67212
232.53714 168.53609
233.03854 169.39891
233.53993 170.26173
234.03793 171.13084
234.53593 171.99995
235.02579 172.86694
235.51566 173.73393
236.00162 174.60616
236.48758 175.47838
236.9693 176.35526
237.45103 177.23215
237.92819 178.1131
238.40533 178.99403
238.87756 179.87839
239.3498 180.76274
239.81674 181.64986
240.28368 182.53697
240.74104 183.41852
241.19841 184.30006
241.65378 185.19064
242.10913 186.08122
242.55809 186.9724
243.00705 187.86357
243.45288 188.762
243.89871 189.66043
244.33716 190.55771
244.77562 191.45497
245.20978 192.35751
245.64392 193.26004
246.07303 194.16669
246.50215 195.07332
246.92221 195.97571
247.34229 196.87808
247.75922 197.78923
248.17615 198.70038
248.58575 199.61166
248.99538 200.52296
249.39983 201.4397
249.80428 202.35645
250.2024 203.27667
250.6005 204.1969
250.99103 205.11853
251.38158 206.04015
251.73181 206.97615
252.08203 207.91216
252.39693 208.85419
252.71182 209.79622
253.02243 210.74576
253.33304 211.69531
253.63937 212.65202
253.94571 213.60873
254.24397 214.56
254.54224 215.51128
254.83633 216.46881
255.13045 217.42635
255.41855 218.3836
255.70667 219.34088
255.99069 220.30365
256.27472 221.26642
256.55286 222.22809
256.831 223.18974
257.10156 224.14359
257.37213 225.09741
257.64227 226.06819
257.9124 227.03897
258.1751 228.00114
258.4378 228.96332
258.6966 229.92914
258.95538 230.89496
259.21027 231.8641
259.46518 232.83327
259.71454 233.79901
259.9639 234.76477
260.2094 235.73315
260.45493 236.70155
260.6966 237.67227
260.9383 238.64299
261.17615 239.61572
261.414 240.58844
261.6465 241.5564
261.87903 242.52437
262.10925 243.50015
262.3395 244.47592
262.56595 245.45276
262.7924 246.4296
263.01355 247.4007
263.23474 248.37178
263.4536 249.34976
263.67245 250.32776
263.8875 251.30585
264.1026 252.28395
264.3125 253.25534
264.52237 254.22675
264.73126 255.21056
264.94016 256.19437
265.14386 257.17084
265.3476 258.14734
265.54886 259.1291
265.75012 260.11087
265.94757 261.09113
266.14502 262.0714
266.3399 263.05627
266.53482 264.0411
266.7246 265.01733
266.91443 265.9936
267.10287 266.98016
267.29132 267.9667
267.47586 268.95038
267.6604 269.93402
267.84106 270.91446
268.02173 271.8949
268.19965 272.87808
268.37753 273.86127
268.5515 274.8405
268.72552 275.81976
268.89886 276.81354
269.07217 277.80728
269.24036 278.78998
269.40857 279.77264
269.57483 280.76263
269.7411 281.7526
269.90222 282.73077
270.0634 283.70892
270.22345 284.69955
270.38348 285.6902
270.53934 286.6743
270.6952 287.6584
270.84964 288.6537
271.0041 289.649
271.15417 290.6367
271.3043 291.6244
271.45184 292.616
271.59937 293.6076
271.7425 294.59058
271.8856 295.57355
272.02673 296.565
272.16788 297.55646
272.30603 298.54962
272.4442 299.54282
272.57846 300.5312
272.7127 301.51956
272.84372 302.50812
272.97473 303.49667
273.10376 304.49567
273.2328 305.4947
273.35678 306.48077
273.48077 307.46686
274.02255 307.99255
274.56433 308.51822
275.57214 308.54004
276.57996 308.56183
277.57193 308.58325
278.5639 308.6047
279.56433 308.62634
280.56476 308.64798
281.56332 308.66956
282.5619 308.69116
283.56354 308.71283
284.56522 308.7345
285.57056 308.75623
286.57593 308.77798
287.57654 308.79962
288.57712 308.82126
289.5692 308.8427
290.56128 308.86417
291.56598 308.8859
292.57068 308.90762
293.57043 308.92923
294.57016 308.95084
295.56927 308.97244
296.56842 308.99405
297.56726 309.01566
298.56607 309.03726
299.5656 309.0589
300.5652 309.0805
301.56708 309.10217
302.56897 309.1238
303.56366 309.14532
304.55832 309.16684
305.56494 309.1886
306.5716 309.2104
307.56366 309.23184
308.55576 309.2533
309.56372 309.2751
310.57166 309.29688
311.56876 309.31842
312.56586 309.34
313.5647 309.3616
314.5635 309.3832
315.56448 309.40485
316.56546 309.42648
317.56802 309.44818
318.5706 309.46985
319.56284 309.4913
320.55508 309.51276
321.55878 309.5345
322.56247 309.55618
323.56543 309.57788
324.56836 309.59955
325.56476 309.6211
326.56113 309.64264
327.5633 309.6643
328.56546 309.686
329.56165 309.70752
330.55786 309.72906
331.56134 309.7508
332.56485 309.7725
333.562 309.79407
334.55914 309.8156
335.3236 309.602
336.08804 309.38834
336.04285 308.39038
335.99765 307.3924
335.9362 306.39468
335.87473 305.39697
335.7985 304.4012
335.72226 303.40546
335.63263 302.41333
335.54297 301.4212
335.44028 300.42532
335.3376 299.42944
335.22278 298.43097
335.10794 297.43253
334.98303 296.44162
334.8581 295.4507
334.72296 294.4595
334.5878 293.4683
334.44324 292.47778
334.29868 291.48727
334.14545 290.49838
333.99222 289.5095
333.83105 288.52313
333.6699 287.53677
333.50153 286.55377
333.33313 285.57077
333.1565 284.58255
332.9799 283.59433
332.79724 282.611
332.6146 281.62766
332.42654 280.64996
332.2385 279.6723
332.04376 278.69147
331.84906 277.7106
331.64807 276.72723
331.44708 275.74384
331.24225 274.7681
331.03745 273.79236
330.82727 272.81537
330.6171 271.83835
330.40198 270.86066
330.1869 269.88297
329.96725 268.90518
329.74762 267.9274
329.52606 266.95972
329.30447 265.99207
329.077 265.01593
328.84952 264.03983
328.6187 263.06543
328.3879 262.09103
328.15417 261.11896
327.9204 260.14688
327.68414 259.17773
327.44788 258.2086
327.20715 257.23352
326.9664 256.25848
326.72388 255.28764
326.48138 254.3168
326.23755 253.35081
325.9937 252.38483
325.74658 251.41501
325.49942 250.44519
325.2494 249.47235
324.99933 248.4995
324.7492 247.53365
324.49905 246.5678
324.2469 245.6005
323.99475 244.6332
323.74103 243.66536
323.48734 242.69753
323.23254 241.7301
322.97778 240.76268
322.72247 239.79666
322.46713 238.83064
322.21185 237.86705
321.95654 236.90346
321.69952 235.93478
321.44254 234.96613
321.18857 233.99991
320.9346 233.0337
320.68726 232.06595
320.43994 231.0982
320.1985 230.12625
319.95706 229.15428
319.72272 228.18414
319.4884 227.21399
319.2594 226.2392
319.0304 225.2644
318.80786 224.29095
318.5853 223.31749
318.3675 222.33893
318.14966 221.36037
317.9376 220.38266
317.72552 219.40494
317.51886 218.42783
317.31216 217.4507
317.11047 216.47392
316.90878 215.49715
316.71045 214.51428
316.51215 213.5314
316.3181 212.54837
316.12405 211.56532
315.93506 210.58804
315.74603 209.61078
315.55817 208.62045
315.37027 207.63011
315.1878 206.65121
315.0053 205.67233
314.8255 204.69226
314.64566 203.71219
314.46698 202.72446
314.2883 201.73674
314.1126 200.75354
313.93695 199.77034
313.76276 198.78519
313.5886 197.80005
313.4166 196.81897
313.2446 195.83788
313.07224 194.8481
312.89987 193.85832
312.72888 192.87215
312.55792 191.88597
312.388 190.90318
312.21808 189.9204
312.04773 188.9345
311.87735 187.9486
311.70728 186.96567
311.53723 185.98276
311.36487 184.98991
311.19254 183.99707
311.1045 183.00372
311.01648 182.01039
310.95596 181.01172
310.89545 180.01306
310.84033 179.01553
310.7852 178.018
310.7362 177.02243
310.68723 176.02687
310.6449 175.02594
310.6026 174.02502
310.5683 173.02805
310.53403 172.03105
310.50854 171.03104
310.48303 170.03102
310.4676 169.02933
310.45215 168.02762
310.44812 167.03302
310.4441 166.0384
310.45285 165.0372
310.4616 164.036
310.48505 163.03006
310.50845 162.02414
310.5479 161.02924
310.58734 160.03435
310.64517 159.03784
310.703 158.04134
310.78152 157.04517
310.86005 156.04898
310.96252 155.04872
311.06497 154.04846
311.19287 153.06229
311.3208 152.07611
311.48267 151.08737
311.6445 150.09865
311.84164 149.11664
312.0388 148.13463
312.27307 147.16153
312.5074 146.18842
312.78073 145.22647
313.05408 144.26454
313.36835 143.31607
313.68265 142.3676
314.03973 141.43497
314.39685 140.50232
314.8016 139.58162
315.20636 138.66092
315.65173 137.77351
316.09714 136.88611
316.59387 136.01562
317.09064 135.14514
317.63388 134.3059
318.17712 133.46664
318.76788 132.66037
319.3586 131.85408
319.99783 131.08252
320.63705 130.31097
321.31665 129.58505
321.99625 128.85915
322.72516 128.17035
323.45407 127.48157
324.2231 126.839615
324.99216 126.19767
325.80066 125.60258
326.6092 125.007484
327.44543 124.46599
328.28165 123.924484
329.1493 123.43173
330.01697 122.93897
330.91473 122.49408
331.81247 122.049194
332.7265 121.65628
333.64056 121.263374
334.58124 120.915436
335.52194 120.567505
336.47473 120.26756
337.4275 119.96761
338.3968 119.71149
339.36612 119.45535
340.34317 119.242775
341.32022 119.0302
342.3028 118.85875
343.28534 118.687294
344.2787 118.55374
345.27203 118.4202
346.26703 118.323586
347.26205 118.226974
348.25674 118.16502
349.25143 118.103065
350.25385 118.07207
351.25626 118.04108
352.25797 118.025665
353.25967 118.010254
354.25787 118.00992
355.25607 118.009575
356.26056 118.026306
357.26505 118.04303
358.2586 118.07837
359.2522 118.1137
360.25372 118.17023
361.25522 118.22675
362.248 118.30548
363.24072 118.38421
364.23468 118.487625
365.22867 118.591034
366.22498 118.7213
367.22128 118.851555
368.20395 119.00792
369.1866 119.164276
370.17426 119.35103
371.16187 119.53777
372.13858 119.753174
373.1153 119.968575
374.08246 120.213326
375.04962 120.45808
376.00854 120.7328
376.9675 121.00753
377.91943 121.31279
378.87137 121.61804
379.81744 121.954315
380.76352 122.29059
381.69617 122.65476
382.62885 123.018936
383.549 123.410385
384.46915 123.80184
385.3628 124.248856
386.2564 124.69588
387.08618 125.24684
387.91592 125.7978
388.72064 126.38816
389.5254 126.97852
390.30182 127.6089
391.07822 128.23927
391.8216 128.90892
392.56497 129.57857
393.27277 130.28854
393.98056 130.99854
394.6472 131.74704
395.3138 132.49553
395.93085 133.27646
396.5479 134.05737
397.117 134.87796
397.6861 135.69853
398.19873 136.55591
398.71133 137.41327
399.16113 138.30997
399.6109 139.20667
400.0044 140.12079
400.39786 141.0349
400.74677 141.97165
401.09564 142.9084
401.40216 143.86511
401.7087 144.82181
401.9726 145.78577
402.2365 146.74974
402.46332 147.72804
402.69012 148.70634
402.8802 149.68613
403.07028 150.6659
403.22827 151.65463
403.38623 152.64339
403.51306 153.6282
403.63986 154.613
403.7403 155.61212
403.8407 156.61122
403.91534 157.61179
403.99 158.61234
403.99786 159.61153
404.00577 160.61072
403.98026 160.89642
403.95474 161.18214
403.83923 160.19113
403.72372 159.2001
403.53906 158.21448
403.35443 157.22884
403.11002 156.26605
402.8656 155.30328
402.5597 154.34875
402.25378 153.39423
401.88916 152.46265
401.52457 151.53107
401.09946 150.62817
400.67435 149.72527
400.17957 148.85097
399.68478 147.97667
399.11853 147.15341
398.55228 146.33015
397.90067 145.57074
397.24905 144.81133
396.50452 144.14511
395.75995 143.47888
394.95563 142.8901
394.15128 142.30133
393.29977 141.77599
392.44827 141.25064
391.56458 140.79373
390.68088 140.33682
389.75952 139.94019
388.83813 139.54353
387.89587 139.20819
386.9536 138.87285
385.99316 138.59222
385.03268 138.3116
384.05658 138.07936
383.0805 137.84712
382.09955 137.65862
381.1186 137.47011
380.1356 137.3187
379.1526 137.1673
378.15308 137.04501
377.1536 136.92273
376.16534 136.82724
375.17706 136.73177
374.1764 136.65546
373.17575 136.57915
372.182 136.51877
371.18826 136.45839
370.18567 136.40848
369.1831 136.35858
368.18216 136.31555
367.1812 136.2725
366.1836 136.23235
365.18597 136.19218
364.1842 136.15071
363.18246 136.10924
362.21542 136.33087
361.24838 136.55252
360.26923 136.77704
359.2901 137.00156
358.32043 137.22562
357.35077 137.44966
356.37842 137.68571
355.40604 137.92177
354.4392 138.18146
353.47238 138.44115
352.51828 138.74094
351.56418 139.04073
350.62854 139.40268
349.69293 139.76463
348.79938 140.2062
347.90585 140.64777
347.0642 141.18848
346.22253 141.72919
345.44626 142.36224
344.66998 142.99532
343.96387 143.69873
343.25772 144.40213
342.61945 145.17035
341.9812 145.93855
341.41064 146.76198
340.84012 147.5854
340.336 148.45306
339.83188 149.32072
339.39447 150.21443
338.9571 151.10814
338.5752 152.03247
338.1933 152.95682
337.86462 153.89969
337.53592 154.84258
337.25363 155.80481
336.97134 156.76703
336.73315 157.73657
336.495 158.7061
336.29517 159.68509
336.09537 160.66408
335.92932 161.65604
335.7633 162.64801
335.6303 163.63373
335.49734 164.61943
335.3915 165.61916
335.28568 166.61888
335.20636 167.61354
335.12704 168.6082
335.0711 169.60312
335.0152 170.59805
334.9804 171.59962
334.9456 172.6012
334.93048 173.59854
334.9154 174.59587
334.9182 175.59596
334.92105 176.59605
334.9405 177.59729
334.95993 178.59851
334.9947 179.59933
335.02948 180.60017
335.07837 181.59912
335.1273 182.59808
335.18918 183.59377
335.25107 184.58945
335.32562 185.5906
335.4002 186.59178
335.48584 187.58736
335.57147 188.58293
335.66718 189.57169
335.76285 190.56046
335.86996 191.56224
335.97708 192.56403
336.09277 193.55722
336.20847 194.55043
336.33255 195.53934
336.45663 196.52826
336.5891 197.51746
336.72162 198.50665
336.8628 199.50098
337.00397 200.49532
337.15088 201.47769
337.29782 202.46005
337.4533 203.45192
337.60883 204.44379
337.7708 205.4336
337.93277 206.42339
338.10077 207.41055
338.26877 208.39772
338.44232 209.38171
338.61584 210.3657
338.7945 211.34601
338.97314 212.3263
339.15872 213.31403
339.3443 214.30177
339.53317 215.27911
339.72205 216.25647
339.91724 217.24057
340.11246 218.22466
340.31018 219.19742
340.5079 220.17018
340.71143 221.14902
340.91492 222.12787
341.12408 223.11256
341.33322 224.09726
341.54523 225.0755
341.7572 226.05376
341.97168 227.02513
342.18616 227.9965
342.40558 228.97287
342.62497 229.94923
342.84915 230.93037
343.07333 231.91151
343.29926 232.8849
343.52518 233.85829
343.75256 234.82355
343.97992 235.78882
344.21292 236.76431
344.44592 237.7398
344.68146 238.71289
344.91696 239.68599
345.1548 240.65643
345.39264 241.62689
345.6326 242.59445
345.87256 243.56203
346.11603 244.53278
346.35947 245.50351
346.6063 246.47726
346.85312 247.451
347.0999 248.41489
347.3467 249.37877
347.5982 250.35161
347.8497 251.32445
348.1008 252.28696
348.3519 253.24948
348.60742 254.22063
348.86298 255.19177
349.11945 256.15857
349.37595 257.1254
349.63495 258.09412
349.89392 259.0628
350.15356 260.0268
350.41318 260.99078
350.67505 261.9563
350.9369 262.92184
351.20087 263.88873
351.4648 264.85565
351.729 265.81732
351.99316 266.779
352.25916 267.7417
352.52518 268.70438
352.7929 269.66797
353.06067 270.63156
353.33002 271.59586
353.59937 272.56015
353.86838 273.51852
354.1374 274.4769
354.4096 275.44217
354.6818 276.40744
354.95526 277.37292
355.22873 278.33844
355.50146 279.29755
355.77423 280.25665
356.04797 281.2157
356.32175 282.1747
356.59637 283.1335
356.87103 284.09232
357.14832 285.0572
357.4256 286.0221
357.70355 286.98645
357.9815 287.95078
358.25815 288.90796
358.5348 289.8651
358.81372 290.82788
359.09268 291.79065
359.37195 292.75238
359.65118 293.71414
359.92877 294.66827
360.20633 295.6224
360.48773 296.58807
360.76913 297.5537
361.04865 298.5114
361.32812 299.46915
361.60748 300.42517
361.8868 301.38123
362.16776 302.34186
362.4487 303.3025
362.72925 304.2611
363.0098 305.21973
363.2917 306.18256
363.57358 307.14536
363.85483 308.1058
364.13608 309.06625
364.95935 309.34976
365.7826 309.63327
366.77625 309.68896
367.7699 309.7447
368.76575 309.80054
369.7616 309.85635
370.76038 309.91235
371.7592 309.96835
372.75876 310.0244
373.75833 310.08044
374.7624 310.13672
375.76645 310.19302
376.75998 310.24872
377.7535 310.30444
378.74744 310.36017
379.7414 310.4159
380.74417 310.4721
381.74695 310.52832
382.75012 310.58456
383.7533 310.6408
384.74945 310.69666
385.74557 310.75253
386.73914 310.80823
387.73267 310.86392
388.72943 310.9198
389.72617 310.9757
390.73285 311.03214
391.7395 311.08856
392.72977 311.1441
393.72003 311.19962
394.72333 311.25586
395.72662 311.31213
396.728 311.3683
397.72937 311.4244
398.7249 311.48022
399.7205 311.53604
400.71722 311.59192
401.714 311.6478
402.71823 311.7041
403.72247 311.76044
404.71838 311.81628
405.71432 311.8721
406.70703 311.92773
407.6997 311.9834
408.70248 312.0396
409.70526 312.09586
410.69922 312.15158
411.69318 312.2073
412.69562 312.26352
413.6981 312.31973
414.69324 312.37552
415.68835 312.4313
416.68793 312.48737
417.68747 312.5434
418.68628 312.5994
419.68506 312.6554
420.6809 312.71124
421.67676 312.76706
422.67798 312.82318
423.6792 312.87933
424.4368 313.17767
425.1944 313.47598
425.2433 314.4743
425.2922 315.4726
425.34103 316.46957
425.38986 317.46655
425.43872 318.46393
425.48758 319.4613
425.53662 320.46198
425.58563 321.46268
425.6347 322.46445
425.68378 323.46622
425.7328 324.46692
425.7818 325.46762
425.83054 326.46268
425.87927 327.45773
425.92804 328.4532
425.9768 329.44864
426.02606 330.45444
426.07535 331.46024
426.1241 332.45587
426.17288 333.4515
426.2218 334.4499
426.2707 335.44827
426.31958 336.44672
426.3685 337.44513
426.00043 338.0493
425.63235 338.65344
424.63068 338.65808
423.62897 338.6627
422.632 338.66693
421.635 338.6712
420.63184 338.67514
419.62866 338.67908
418.6303 338.68268
417.63193 338.68625
416.633 338.68948
415.63403 338.69272
414.63458 338.6956
413.63516 338.69846
412.6353 338.701
411.63544 338.70352
410.63522 338.7057
409.635 338.70786
408.63458 338.70966
407.63412 338.7115
406.63873 338.71292
405.64337 338.71436
404.6374 338.71542
403.6314 338.7165
402.63068 338.7172
401.62997 338.7179
400.6345 338.71823
399.639 338.71857
398.6385 338.7185
397.63797 338.71844
396.6326 338.71802
395.62723 338.7176
394.62732 338.71677
393.62738 338.71594
392.63293 338.71472
391.63852 338.71353
390.6395 338.7119
389.64047 338.7103
388.63702 338.7083
387.6336 338.7063
386.63586 338.7039
385.63815 338.70148
384.63623 338.69867
383.63434 338.69583
382.63824 338.69263
381.64218 338.68942
380.64215 338.6858
379.64212 338.68213
378.6383 338.67804
377.63452 338.67398
376.63678 338.6695
375.63907 338.66504
374.63782 338.6601
373.63654 338.65518
372.63193 338.64978
371.62732 338.6444
370.62903 338.6386
369.6307 338.63284
368.6293 338.6266
367.6279 338.62033
366.63293 338.61368
365.63797 338.60703
364.64014 338.5999
363.6423 338.59277
362.6418 338.58514
361.64133 338.57755
360.63837 338.56943
359.63538 338.5613
358.63922 338.5528
357.64304 338.54428
356.63562 338.53516
355.62817 338.52606
354.6278 338.51654
353.62747 338.507
352.6342 338.49704
351.6409 338.4871
350.637 338.4765
349.6331 338.46594
348.63654 338.45496
347.63995 338.44397
346.642 338.43243
345.64404 338.4209
344.64133 338.40863
343.6386 338.39636
342.6344 338.3831
341.63022 338.3698
340.63364 338.35565
339.63705 338.3415
338.63232 338.32617
337.62762 338.31088
336.6308 338.29465
335.634 338.2784
334.63733 338.26108
333.64066 338.24374
332.63666 338.22516
331.63263 338.20657
330.63693 338.18695
329.64124 338.16736
328.63873 338.14642
327.63623 338.1255
326.63483 338.1033
325.63345 338.08112
324.63336 338.05768
323.63327 338.0342
322.6347 338.00946
321.63614 337.98474
320.63934 337.95865
319.64252 337.93256
318.64044 337.9049
317.63834 337.87723
316.63858 337.84814
315.63882 337.81903
314.6416 337.78845
313.64438 337.7579
312.64294 337.7256
311.64148 337.6933
310.64316 337.65942
309.64484 337.62555
308.643 337.58984
307.6412 337.5541
306.64316 337.51672
305.6451 337.4793
304.64435 337.43994
303.64355 337.40057
302.64716 337.35944
301.6508 337.31827
300.65247 337.27502
299.65414 337.23175
298.65436 337.18628
297.6546 337.14084
296.65387 337.0931
295.65314 337.04538
294.65826 336.99564
293.6634 336.9459
292.66214 336.8934
291.6609 336.8409
290.66016 336.7859
289.65945 336.7309
288.6659 336.67365
287.67236 336.61636
286.6682 336.55566
285.66406 336.495
284.67407 336.43225
283.68405 336.36954
282.68488 336.30316
281.6857 336.23676
280.68994 336.16736
279.69415 336.098
278.69104 336.02466
277.68793 335.9513
276.6897 335.87466
275.6915 335.79803
274.6988 335.71805
273.70605 335.63806
272.70868 335.55365
271.71133 335.46924
270.7105 335.3802
269.70966 335.29117
268.71692 335.1983
267.7242 335.10544
266.7301 335.0076
265.73596 334.90976
264.7417 334.8067
263.74744 334.70364
262.75433 334.59515
261.76123 334.48666
260.77063 334.3725
259.78 334.25836
258.78394 334.13712
257.7879 334.01587
256.79755 333.8884
255.8072 333.76093
254.81519 333.62567
253.82315 333.49045
252.83163 333.34705
251.84012 333.20367
250.85138 333.05176
249.86266 332.8998
248.87903 332.7389
247.89542 332.57794
246.90692 332.4054
245.91841 332.23285
244.93155 332.0517
243.9447 331.87057
242.9627 331.6825
241.98073 331.49442
241.00465 331.29907
240.02858 331.10373
239.05023 330.89874
238.07187 330.69376
237.09299 330.47864
236.11412 330.26352
235.14513 330.03973
234.17613 329.81595
233.20107 329.57886
232.226 329.34174
231.25545 329.09265
230.2849 328.84357
229.32043 328.58182
228.35599 328.32007
227.39917 328.04492
226.44235 327.76974
225.47986 327.4757
224.51735 327.18167
223.57352 326.8747
222.62967 326.5677
221.67752 326.23715
220.72537 325.90662
219.7949 325.56104
218.86444 325.21545
217.93054 324.84348
216.99664 324.4715
216.0748 324.07663
215.15295 323.68176
214.25058 323.26523
213.3482 322.8487
212.44916 322.40045
211.55013 321.95218
210.67319 321.47885
209.79626 321.00552
208.93661 320.50238
208.07698 319.99927
207.22565 319.45782
206.37431 318.9164
205.55656 318.3506
204.73882 317.7848
203.9396 317.18298
203.14041 316.58115
202.36409 315.94452
201.58777 315.3079
200.8458 314.64572
200.1038 313.98355
199.38577 313.28705
198.66772 312.59058
197.97946 311.8662
197.29121 311.1418
196.6301 310.38867
195.96896 309.6355
195.33923 308.8615
194.70952 308.08755
194.10785 307.2929
193.50618 306.49826
192.92613 305.67834
192.34608 304.8584
191.79446 304.02774
191.24286 303.19708
190.71017 302.34677
190.1775 301.49646
189.66728 300.6374
189.15706 299.77832
188.66357 298.90643
188.17007 298.03455
187.69402 297.15643
187.21796 296.2783
186.7572 295.39545
186.29645 294.5126
185.84317 293.61456
185.3899 292.71655
184.94843 291.81622
184.50697 290.91586
184.07591 290.01483
183.64485 289.11377
183.223 288.21362
182.80116 287.31348
182.38145 286.4025
181.96175 285.49152
181.54935 284.58405
181.13695 283.6766
180.72496 282.7603
180.31297 281.844
179.90701 280.93387
179.50104 280.02374
179.09427 279.1068
178.6875 278.18985
178.28268 277.2743
177.87788 276.3587
177.47478 275.44574
177.07167 274.53278
176.66663 273.61575
176.2616 272.69873
175.85788 271.78638
175.45418 270.87405
175.04819 269.95944
174.64218 269.04483
174.23373 268.12872
173.8253 267.2126
173.41815 266.30417
173.011 265.39575
172.60147 264.4876
172.19194 263.57947
171.77603 262.66357
171.36014 261.74765
170.94586 260.84216
170.5316 259.9367
170.11096 259.02466
169.69032 258.11264
169.26749 257.2036
168.84464 256.2946
168.41977 255.38931
