55.09208440303803,40
58.08742855305016,40
61.09218141838792,40
64.09174423291512,40
67.08661708831787,40
70.08528658255865,40
73.08032634532452,40
76.08223132859567,40
79.08942612235435,40
82.08715411270968,40
85.08206428152323,40.0854679222703
88.05740671746398,40.511825894757756
90.94552802296728,41.28910076542944
93.73588986246381,42.4161458334187
96.34763419479131,43.857639153897765
98.78622724264861,45.61363515585661
100.9928695783019,47.64330788701773
102.94301648586989,49.922112631499765
104.60261475001776,52.40921168076002
105.96058752106782,55.09401208638307
106.9819848637766,57.91549249817792
107.65295319264021,60.82512632386771
107.97233672771708,63.813432706692375
107.93588062652853,66.80438632121775
107.54159276389342,69.78996544338005
106.79480469257105,72.690459775622
105.7047320120997,75.47828522151045
104.28217688234803,78.12403411141877
102.56299552555137,80.56708237891144
100.557937316717,82.79651276486985
98.30144602744781,84.77174878985679
95.81806637362519,86.46824573799094
93.1670630920349,87.84601591869013
90.36075338389725,88.89875633213668
87.4446183734719,89.60607959095796
84.46608009039483,89.95772530735412
81.46270518004894,90
78.45913444645703,90
75.45618749968708,90
72.46155759505928,90
69.47058888687752,90
66.45626895315945,90
63.45517985522747,90
60.47088623046875,90
57.47081841528416,90
54.45842978544533,90
51.467637176513676,89.99422317504883
51,92.522321828641
51,95.51752190597821
51,98.52590605426579
51,101.5186658024788
51,104.50940879182599
51,107.51894275609811
51,110.51510283065181
51,113.50769582441717
51,116.52180677175056
51,119.517805040963
51,122.52073616685055
51,125.50904040484863
51,128.51162516059821
51,131.5069220662117
51,134.51994767451833
51,137.52258561732424
51,140.51629840826945
51,143.51226727261383
51,146.51903914062132
51,149.5227512434125
51,152.51996878238862
51,155.5187425579643
51.02210910591237,158.51870272767223
52.0045764520638,161.32466792050735
54.20403740530318,163.3100949370371
57.08907616138458,164
60.09728944301605,164
63.090386817231774,164
66.0968998807619,163.99923336331304
68.95507236926929,163.22303769254052
71.09341557879476,161.1728261040131
71.99119087836121,158.32792598510645
72,155.34403800964355
72,152.32939383015037
72,149.34269977733493
72,146.33346885303035
72,143.34347733855247
72,140.34350085258484
72.58378978236777,137.41515976788787
74.48271272684886,135.13852987627214
77.23581966676906,134.04820571858212
80.2363099604845,134
83.2372449785471,134
86.24264614842832,134
89.24458490498364,134
92.23828125,134
95.23480057530105,134
98.23680782876909,134
101.22865927219391,134
104.18300594488989,134.40948980064832
106.59531793656781,136.1419292874839
107.88548301819438,138.82744849760635
108,141.80832302197814
108,144.81184284435585
108,147.81653176620603
108,150.80832181498408
108,153.81386083783582
108,156.8189697265625
108.2697481242325,159.78421646165913
109.83438296129381,162.31829912969937
112.41091547152098,163.78730840789166
115.38652624189854,164
118.39453983306885,164
121.39098036289215,164
124.37315620648558,163.84214244158912
127.00755364595818,162.46544087578326
128.66074711285364,159.9938823567627
129,157.03685009479523
129,154.03429682110436
129,151.03505342709832
129,148.03982903677388
129,145.03860819339752
129,142.03471167199314
129,139.04572622478008
129,136.03960763686337
129,133.03980414706166
129,130.04442558789742
129,127.0429888528306
129,124.03646756263333
129,121.04065990447998
129,118.03257718586246
129,115.04243328605662
129,112.04349730466492
129,109.04532527923584
129,106.0380859344732
129,103.0307332482189
129,100.0322211983148
129,97.03271420081728
129,94.04176396192634
129,91.032620748505
129,88.03549386785016
129,85.04496000442305
129,82.0411315613892
129,79.04293759167194
129,76.0398268517165
129,73.04494532500394
129,70.03629090925097
129,67.0400915092323
129,64.04279510327615
129,61.04620164097287
129,58.04500416107476
129,55.029324531555176
128.92729167254734,52.04074821058661
128.53476558923722,49.07797822952271
127.79519001098815,46.15379725713283
126.72753241932473,43.353814667589035
125.347023578409,40.70255980768707
123.66971274496336,38.225441855527464
121.71248187869787,35.94876402616501
119.50813170173299,33.91212862130254
117.07942547354847,32.138291247189045
114.48448159378022,30.667409108579157
111.71503494483977,29.496592279970645
108.832318274091,28.656706328950822
105.8833320728204,28.15806965598371
102.88408088684082,28
99.88961768522859,28
96.88772771926597,28
93.8882006839849,28
90.8753873296082,28
87.87569236755371,28
84.88907948834822,28
81.89040112495422,28
78.89079914614558,28
75.88650252601178,28.023411378132295
72.90498521709814,28.320618018531242
69.97016524292901,28.961446416077205
67.14576764941216,29.932300616443158
64.4345269445218,31.232422191851775
61.89788343483163,32.83315232455439
59.56997752806545,34.70727882473916
57.46494302353263,36.84178979112953
55.615646419733764,39.20672058998793
37.29862117234245,85.22258849256673
34.98513707896694,83.31684838498198
32.90855632689083,81.14173952419148
31.117174919229,78.74988808701747
29.61164521581307,76.13765684694982
28.441148893151432,73.3861716028396
27.607421443909406,70.50237644831836
27.127270446080715,67.53843404264934
27.004072479248048,64.54412210083007
27.234232219005936,61.56339547917712
27.82011206305865,58.62467776166554
28.75854108731728,55.77084898192901
30.031714445608667,53.05657209275384
31.616721986420455,50.521095195166765
33.50240092351194,48.18133502242807
35.65136105459929,46.08536418420076
38.02795526389033,44.26525059720129
40.61677361726761,42.735525653362274
41.67348099388927,39.97035523128137
42.892479123257104,37.226766242261974
44.322635625896396,34.59247095042414
45.962655455172055,32.069818917661905
47.78420079149585,29.699293789892923
49.79891143284086,27.464802114746067
51.965251953125005,25.411266601562502
54.306160069637,23.5175045469515
56.77508193359989,21.823196666092144
59.37896156066656,20.323566906541586
62.0857246927619,19.03831229171157
64.88238723991532,17.972816039592495
67.75646150710341,17.132024128833322
70.69594690115005,16.520454597163948
73.6648970468482,16.144322349166032
76.67567443945724,16.001355070733
79.67238803440705,16
82.67368206009269,16
85.67569321906194,16
88.6690685711801,16
91.6716558933258,16
94.66615473851562,16
97.67577198147774,16
100.66979205980897,16
103.68010086867156,16.005963870516744
106.66894162865076,16.174845641823484
109.63655929666373,16.577552929475672
112.57047826163937,17.215397849956528
115.4362961750999,18.08171363516152
118.2322035088587,19.17605478926681
120.93482647574695,20.490227889791132
123.52199078543521,22.012524169468087
125.97311816955451,23.72805031807907
128.2858764696445,25.63359244134513
130.44048738208772,27.71265813949681
132.4332744632341,29.96310573828523
134.23295876022428,32.34904471342266
135.85518463617657,34.89467606586404
137.25636472234595,37.53273159957863
138.64628516602517,40
141.6374408212602,40
144.65593806281686,40
147.63806118855626,40.01109832463413
150.627591796875,40.365701171875
153.4977614648938,41.20856577092409
156.1940177534446,42.5219997747764
158.63607446689065,44.26635979003366
160.75109473085405,46.38453705263137
162.49187246749642,48.82932548473123
163.7963903203503,51.515051571179995
164.63989780172614,54.39987863573339
164.98890167536587,57.36193881144374
165,60.371092821704224
165,63.37452301941812
165,66.36454518139362
165,69.35930450982414
165,72.36513298176578
165,75.37609916017391
165,78.3657991818909
165,81.37465924210846
165,84.36770607423387
165,87.36226111836731
165,90.36907990458349
165,93.3768976747233
165,96.37446548044682
165,99.37263413213077
165,102.36661971252761
165,105.36720796790905
165,108.37222561542876
165,111.36055097126518
165,114.3685018569231
165,117.37366096186452
165,120.37141788005829
164.9961160085695,123.37768969459366
164.68840655639022,126.3522097499147
163.8887468346432,129.24060802756995
162.61517924880982,131.95956904220583
160.91539288029134,134.4183362783486
158.83055519199405,136.56631393933262
156.41464089439916,138.3445145127912
153.7403057774246,139.69546993196604
150.87413813222105,140.58203589522185
147.91188421438272,140.97730151583616
144.90149116516113,141
141.9112708568573,141
141,143.08453369140625
141,146.08904365287162
141,149.0892535711173
141,152.0900149506051
141,155.09691185690463
140.99979264246952,158.08732345498075
140.73831018465756,161.07534351712465
139.982228120327,163.9815976243019
138.75550178072078,166.71099132063762
137.0937606251836,169.19771168011425
135.0426849176539,171.3782243316518
132.65606716103107,173.1934253354594
130.006359375,174.58545312500002
127.14660513265898,175.52003547040653
124.18463722125348,175.96163769730273
121.17871570587158,176
118.18382549285889,176
115.19513051211834,176
112.18799585166481,175.90992529597784
109.2461892394399,175.36558184259886
106.43085544587916,174.33591473604983
103.82416537490207,172.8496249934705
101.5031970217824,170.9548514559865
99.52755215730798,168.70454771032462
97.95061751423346,166.1580660790013
96.81749253502394,163.37901426449326
96.16687036333234,160.46118356905134
96,157.46889132261276
96,154.46450805664062
96,151.47325974702835
96,148.45733600854874
95.46889132261276,146
92.46450805664062,146
89.47325974702835,146
86.45733600854874,146
84,146.53110867738724
84,149.53549194335938
84,152.52674025297165
84,155.54266399145126
83.99214517168666,158.53691518278455
83.65644420236349,161.5176192894578
82.8308168206215,164.39512513494492
81.53328382196278,167.10050887594372
79.81194612933614,169.5431141011574
77.69774962931871,171.68109474629165
75.27554000621626,173.42917850560357
72.58732007201027,174.75647605554747
69.70991183448304,175.6172518703891
66.75348361357301,175.9845145897046
63.75213597714901,176
60.73862238228321,176
57.73650777339935,176
54.74972728769167,175.86069993082864
51.81949433247128,175.24332399312536
49.024681942365135,174.1411534856772
46.470111994338225,172.60023607213515
44.1960081730485,170.65130311018228
42.27403232009243,168.35364441973996
40.751390513308344,165.7544660786465
39.690451747133395,162.95436236210074
39.111006017960605,160.01032465580852
39,157.01451016454027
39,154.02047142405482
39,151.0165815896091
39,148.01964849445486
39,145.02617426845433
39,142.02244227253422
39,139.01282318023098
39,136.01816399570183
39,133.01854230135126
39,130.01919990659033
39,127.01947374047775
39,124.01481070448504
39,121.02478991815074
39,118.01584390479997
39,115.0203215143878
39,112.02005114927888
39,109.0259765625
39,106.02925111813471
39,103.01929899198701
39,100.02307322518593
39,97.02549229876925
39,94.02494895935058
39,91.03099608983705
39,88.02344408070668
142.3315944671631,129
145.32866549491882,129
148.31869362973487,128.85462493897455
150.96721560724166,127.50134199554248
152.64220496644407,125.04575827892846
153,122.08113956451416
153,119.08033885248005
153,116.09003514717915
153,113.09254472912289
153,110.08037667907774
153,107.09921117126942
153,104.09014938250766
153,101.08458301238716
153,98.09002842534755
153,95.08051631969283
153,92.09427966471412
153,89.0959695802012
153,86.08468289789744
153,83.084201694699
153,80.09673407487571
153,77.0848484307935
153,74.08828539538081
153,71.09506259844056
153,68.08493197150528
153,65.0954039778735
153,62.09066458581947
153,59.08740508439951
152.70220378123904,56.12800768861791
151.10040214218446,53.6197093764402
148.4994934825561,52.18889588285998
145.51951424628496,52
142.50654038000107,52
140.99594357299804,53.43525109863281
141,56.43154978961684
141,59.423985683592036
141,62.421371545409784
141,65.43167915870436
141,68.43855157340295
141,71.43043599844896
141,74.4321467891532
141,77.42196484096348
141,80.42900714881762
141,83.4267263263464
141,86.43264383272617
141,89.44098433994805
141,92.43375209835358
141,95.42122938283137
141,98.44054888444953
141,101.43217785353409
141,104.42921561425828
141,107.43264960174565
141,110.4365937745606
141,113.43718910202733
141,116.42555448188796
141,119.42501854710281
141,122.42637331646984
141,125.43304967321455
141,128.43942725658417
49.57885438397527,52.22502600237727
46.72199852585793,53.11599860548973
44.14378499513492,54.64132450575009
41.9809011858888,56.71563058672473
40.35118405342102,59.22223025321961
39.34200911417604,62.024734431356194
39.00000416226918,65.01051660485798
39.34200911417604,67.9752655686438
40.35996270345524,70.79540206121281
41.99335280433297,73.29938879981637
44.15934445261955,75.37047573924065
46.74006033146754,76.89201809132472
49.598803115244955,77.77871497666463
52.59158480167389,78
55.58637817390263,78
58.593269527191296,78
61.57512796972878,78
64.58653918630444,78
67.590819850564,78
70.59203632012941,78
73.59378984081559,78
76.576779961586,78
79.59378067590296,78
82.58521611988544,78
85.56048510083929,77.74793841829523
88.42197322487831,76.81891147971153
90.9800306991674,75.26345446547494
93.1056396047771,73.1787038858235
94.71810974121094,70.63616760253906
95.69381165072322,67.81783530667424
95.9989364528656,64.83196990013123
95.62027164623142,61.86803508922458
94.5688777747564,59.06408813623711
92.9062411980331,56.581142092198135
90.71552500605583,54.535946453809736
88.11492761364207,53.04480975857005
85.24122400442138,52.1924531952478
82.26427961885929,52
79.26067568361759,52
76.25435228063725,52
73.25521419825964,52
70.25691319443285,52
67.26160503513529,52
64.25202083587646,52
61.25903155468404,52
58.25465786806308,52
55.2589515298605,52
52.2679967880249,52